29
0 4367 4185 2100 5485 6828 6644 3277 7209 10310 2487 3554 4403 11335 6445 4360 4394 10733 9225 11455 7521 2645 11806 2872 2686 2272 11454 1822 8382
4367 0 6940 4855 8240 9583 9399 1660 9964 13065 5242 6309 7158 14090 9200 1803 1837 13488 11980 14210 10276 2910 14561 1695 5441 3887 14209 4109 11137
4185 6940 0 3865 1974 3317 3133 5850 3698 6799 2480 1937 892 7824 2934 6933 6967 7222 5714 7944 4010 5218 8295 5445 1999 4845 7943 4395 4871
2100 4855 3865 0 5165 6508 6324 3765 6889 9990 2167 3234 4083 11015 6125 4848 4882 10413 8905 11135 7201 3133 11486 3360 2366 2760 11134 2310 8062
5485 8240 1974 5165 0 2947 2763 7150 3328 6429 3780 3237 1790 7454 2564 8233 8267 6852 5344 7574 3640 6518 7925 6745 3299 6145 7573 5695 4501
6828 9583 3317 6508 2947 0 1384 8493 1085 4186 5123 4580 3133 5211 1975 9576 9610 4609 3101 5331 1397 7861 5682 8088 4642 7488 5330 7038 2258
6644 9399 3133 6324 2763 1384 0 8309 1765 4866 4939 4396 2949 5891 1791 9392 9426 5289 3781 6011 2077 7677 6362 7904 4458 7304 6010 6854 2938
3277 1660 5850 3765 7150 8493 8309 0 8874 11975 4152 5219 6068 13000 8110 1653 1687 12398 10890 13120 9186 1820 13471 605 4351 2797 13119 3019 10047
7209 9964 3698 6889 3328 1085 1765 8874 0 3361 5504 4961 3514 4386 2356 9957 9991 3784 2276 4506 572 8242 4857 8469 5023 7869 4505 7419 1433
10310 13065 6799 9990 6429 4186 4866 11975 3361 0 8605 8062 6615 1877 5457 13058 13092 1557 1503 1997 3401 11343 2348 11570 8124 10970 1996 10520 2654
2487 5242 2480 2167 3780 5123 4939 4152 5504 8605 0 1849 2698 9630 4740 5235 5269 9028 7520 9750 5816 3520 10101 3747 981 3147 9749 2697 6677
3554 6309 1937 3234 3237 4580 4396 5219 4961 8062 1849 0 2155 9087 4197 6302 6336 8485 6977 9207 5273 4587 9558 4814 1368 4214 9206 3764 6134
4403 7158 892 4083 1790 3133 2949 6068 3514 6615 2698 2155 0 7640 2750 7151 7185 7038 5530 7760 3826 5436 8111 5663 2217 5063 7759 4613 4687
11335 14090 7824 11015 7454 5211 5891 13000 4386 1877 9630 9087 7640 0 6482 14083 14117 2582 2528 498 4426 12368 1297 12595 9149 11995 1277 11545 3679
6445 9200 2934 6125 2564 1975 1791 8110 2356 5457 4740 4197 2750 6482 0 9193 9227 5880 4372 6602 2668 7478 6953 7705 4259 7105 6601 6655 3529
4360 1803 6933 4848 8233 9576 9392 1653 9957 13058 5235 6302 7151 14083 9193 0 646 13481 11973 14203 10269 2903 14554 1688 5434 3880 14202 4102 11130
4394 1837 6967 4882 8267 9610 9426 1687 9991 13092 5269 6336 7185 14117 9227 646 0 13515 12007 14237 10303 2937 14588 1722 5468 3914 14236 4136 11164
10733 13488 7222 10413 6852 4609 5289 12398 3784 1557 9028 8485 7038 2582 5880 13481 13515 0 1926 2702 3824 11766 3053 11993 8547 11393 2701 10943 3077
9225 11980 5714 8905 5344 3101 3781 10890 2276 1503 7520 6977 5530 2528 4372 11973 12007 1926 0 2648 2316 10258 2999 10485 7039 9885 2647 9435 1569
11455 14210 7944 11135 7574 5331 6011 13120 4506 1997 9750 9207 7760 498 6602 14203 14237 2702 2648 0 4546 12488 1417 12715 9269 12115 1397 11665 3799
7521 10276 4010 7201 3640 1397 2077 9186 572 3401 5816 5273 3826 4426 2668 10269 10303 3824 2316 4546 0 8554 4897 8781 5335 8181 4545 7731 1473
2645 2910 5218 3133 6518 7861 7677 1820 8242 11343 3520 4587 5436 12368 7478 2903 2937 11766 10258 12488 8554 0 12839 1415 3719 2165 12487 2387 9415
11806 14561 8295 11486 7925 5682 6362 13471 4857 2348 10101 9558 8111 1297 6953 14554 14588 3053 2999 1417 4897 12839 0 13066 9620 12466 1748 12016 4150
2872 1695 5445 3360 6745 8088 7904 605 8469 11570 3747 4814 5663 12595 7705 1688 1722 11993 10485 12715 8781 1415 13066 0 3946 2392 12714 2614 9642
2686 5441 1999 2366 3299 4642 4458 4351 5023 8124 981 1368 2217 9149 4259 5434 5468 8547 7039 9269 5335 3719 9620 3946 0 3346 9268 2896 6196
2272 3887 4845 2760 6145 7488 7304 2797 7869 10970 3147 4214 5063 11995 7105 3880 3914 11393 9885 12115 8181 2165 12466 2392 3346 0 12114 2014 9042
11454 14209 7943 11134 7573 5330 6010 13119 4505 1996 9749 9206 7759 1277 6601 14202 14236 2701 2647 1397 4545 12487 1748 12714 9268 12114 0 11664 3798
1822 4109 4395 2310 5695 7038 6854 3019 7419 10520 2697 3764 4613 11545 6655 4102 4136 10943 9435 11665 7731 2387 12016 2614 2896 2014 11664 0 8592
8382 11137 4871 8062 4501 2258 2938 10047 1433 2654 6677 6134 4687 3679 3529 11130 11164 3077 1569 3799 1473 9415 4150 9642 6196 9042 3798 8592 0
