23
0 9268 8325 3140 3611 4642 1339 4890 7371 4414 8243 3283 2292 4931 4727 9025 5860 3467 6092 7477 3579 2146 1874
9268 0 2835 7814 11273 5480 8439 12552 3819 6586 2053 6107 9954 12593 12389 1265 5276 11129 4506 3695 11241 7748 9536
8325 2835 0 6871 10330 4537 7496 11609 2876 5643 1810 5164 9011 11650 11446 2592 4333 10186 3563 2752 10298 6805 8593
3140 7814 6871 0 5145 3188 2311 6424 5917 2960 6789 1829 3826 6465 6261 7571 4406 5001 4638 6023 5113 1620 3408
3611 11273 10330 5145 0 6647 3344 1805 9376 6419 10248 5288 2549 1846 1642 11030 7865 2072 8097 9482 1692 4151 2623
4642 5480 4537 3188 6647 0 3813 7926 3583 1960 4455 1481 5328 7967 7763 5237 2072 6503 2304 3689 6615 3122 4910
1339 8439 7496 2311 3344 3813 0 4623 6542 3585 7414 2454 2025 4664 4460 8196 5031 3200 5263 6648 3312 1317 1607
4890 12552 11609 6424 1805 7926 4623 0 10655 7698 11527 6567 3828 1707 1381 12309 9144 3351 9376 10761 2971 5430 3902
7371 3819 2876 5917 9376 3583 6542 10655 0 4689 2794 4210 8057 10696 10492 3576 3379 9232 2609 2028 9344 5851 7639
4414 6586 5643 2960 6419 1960 3585 7698 4689 0 5561 1253 5100 7739 7535 6343 3178 6275 3410 4795 6387 2894 4682
8243 2053 1810 6789 10248 4455 7414 11527 2794 5561 0 5082 8929 11568 11364 1810 4251 10104 3481 2670 10216 6723 8511
3283 6107 5164 1829 5288 1481 2454 6567 4210 1253 5082 0 3969 6608 6404 5864 2699 5144 2931 4316 5256 1763 3551
2292 9954 9011 3826 2549 5328 2025 3828 8057 5100 8929 3969 0 3869 3665 9711 6546 2405 6778 8163 2517 2832 1304
4931 12593 11650 6465 1846 7967 4664 1707 10696 7739 11568 6608 3869 0 1544 12350 9185 3392 9417 10802 3012 5471 3943
4727 12389 11446 6261 1642 7763 4460 1381 10492 7535 11364 6404 3665 1544 0 12146 8981 3188 9213 10598 2808 5267 3739
9025 1265 2592 7571 11030 5237 8196 12309 3576 6343 1810 5864 9711 12350 12146 0 5033 10886 4263 3452 10998 7505 9293
5860 5276 4333 4406 7865 2072 5031 9144 3379 3178 4251 2699 6546 9185 8981 5033 0 7721 2100 3485 7833 4340 6128
3467 11129 10186 5001 2072 6503 3200 3351 9232 6275 10104 5144 2405 3392 3188 10886 7721 0 7953 9338 2040 4007 2479
6092 4506 3563 4638 8097 2304 5263 9376 2609 3410 3481 2931 6778 9417 9213 4263 2100 7953 0 2715 8065 4572 6360
7477 3695 2752 6023 9482 3689 6648 10761 2028 4795 2670 4316 8163 10802 10598 3452 3485 9338 2715 0 9450 5957 7745
3579 11241 10298 5113 1692 6615 3312 2971 9344 6387 10216 5256 2517 3012 2808 10998 7833 2040 8065 9450 0 4119 2591
2146 7748 6805 1620 4151 3122 1317 5430 5851 2894 6723 1763 2832 5471 5267 7505 4340 4007 4572 5957 4119 0 2414
1874 9536 8593 3408 2623 4910 1607 3902 7639 4682 8511 3551 1304 3943 3739 9293 6128 2479 6360 7745 2591 2414 0
