25
0 6005 8306 3441 1573 786 6624 4933 4638 5730 8716 5832 5764 8117 3510 4870 7230 2097 2809 2897 4505 4173 2021 1888 2699
6005 0 3841 3344 5848 5919 2159 10178 2881 10975 4251 11077 1807 3652 8755 10115 2765 4558 8054 4484 2188 9418 7266 7133 3732
8306 3841 0 5645 8149 8220 2998 12479 5182 13276 1248 13378 4108 1039 11056 12416 2042 6859 10355 6785 4489 11719 9567 9434 6033
3441 3344 5645 0 3284 3355 3963 7614 1977 8411 6055 8513 3103 5456 6191 7551 4569 1994 5490 1920 1844 6854 4702 4569 1168
1573 5848 8149 3284 0 1487 6467 5746 4481 6543 8559 6645 5607 7960 4323 5683 7073 1940 3622 2740 4348 4986 2834 2701 2542
786 5919 8220 3355 1487 0 6538 4959 4552 5756 8630 5858 5678 8031 3536 4896 7144 2011 2835 2811 4419 4199 2047 1914 2613
6624 2159 2998 3963 6467 6538 0 10797 3500 11594 3408 11696 2426 2809 9374 10734 1922 5177 8673 5103 2807 10037 7885 7752 4351
4933 10178 12479 7614 5746 4959 10797 0 8811 1557 12889 1659 9937 12290 1793 819 11403 6270 2970 7070 8678 1636 4280 3363 6872
4638 2881 5182 1977 4481 4552 3500 8811 0 9608 5592 9710 2640 4993 7388 8748 4106 3191 6687 3117 1381 8051 5899 5766 2365
5730 10975 13276 8411 6543 5756 11594 1557 9608 0 13686 1430 10734 13087 2590 1616 12200 7067 3767 7867 9475 2433 5077 4160 7669
8716 4251 1248 6055 8559 8630 3408 12889 5592 13686 0 13788 4518 1449 11466 12826 2452 7269 10765 7195 4899 12129 9977 9844 6443
5832 11077 13378 8513 6645 5858 11696 1659 9710 1430 13788 0 10836 13189 2692 1718 12302 7169 3869 7969 9577 2535 5179 4262 7771
5764 1807 4108 3103 5607 5678 2426 9937 2640 10734 4518 10836 0 3919 8514 9874 3032 4317 7813 4243 1947 9177 7025 6892 3491
8117 3652 1039 5456 7960 8031 2809 12290 4993 13087 1449 13189 3919 0 10867 12227 1853 6670 10166 6596 4300 11530 9378 9245 5844
3510 8755 11056 6191 4323 3536 9374 1793 7388 2590 11466 2692 8514 10867 0 1730 9980 4847 1547 5647 7255 1033 2857 1940 5449
4870 10115 12416 7551 5683 4896 10734 819 8748 1616 12826 1718 9874 12227 1730 0 11340 6207 2907 7007 8615 1573 4217 3300 6809
7230 2765 2042 4569 7073 7144 1922 11403 4106 12200 2452 12302 3032 1853 9980 11340 0 5783 9279 5709 3413 10643 8491 8358 4957
2097 4558 6859 1994 1940 2011 5177 6270 3191 7067 7269 7169 4317 6670 4847 6207 5783 0 4146 1450 3058 5510 3358 3225 1252
2809 8054 10355 5490 3622 2835 8673 2970 6687 3767 10765 3869 7813 10166 1547 2907 9279 4146 0 4946 6554 2210 2156 1239 4748
2897 4484 6785 1920 2740 2811 5103 7070 3117 7867 7195 7969 4243 6596 5647 7007 5709 1450 4946 0 2984 6310 4158 4025 1178
4505 2188 4489 1844 4348 4419 2807 8678 1381 9475 4899 9577 1947 4300 7255 8615 3413 3058 6554 2984 0 7918 5766 5633 2232
4173 9418 11719 6854 4986 4199 10037 1636 8051 2433 12129 2535 9177 11530 1033 1573 10643 5510 2210 6310 7918 0 3520 2603 6112
2021 7266 9567 4702 2834 2047 7885 4280 5899 5077 9977 5179 7025 9378 2857 4217 8491 3358 2156 4158 5766 3520 0 1235 3960
1888 7133 9434 4569 2701 1914 7752 3363 5766 4160 9844 4262 6892 9245 1940 3300 8358 3225 1239 4025 5633 2603 1235 0 3827
2699 3732 6033 1168 2542 2613 4351 6872 2365 7669 6443 7771 3491 5844 5449 6809 4957 1252 4748 1178 2232 6112 3960 3827 0
