25
0 1456 3748 6149 5301 9868 4492 1627 4031 10825 11438 6181 6798 3937 11365 11818 7626 1314 9137 11060 8487 2563 8949 2237 5015
1456 0 2554 4955 4107 8674 3298 1063 2837 9631 10244 4987 5604 2743 10171 10624 6432 1136 7943 9866 7293 1369 7755 1043 3821
3748 2554 0 4039 3191 7758 2382 3355 1921 8715 9328 4071 4688 1827 9255 9708 5516 3428 7027 8950 6377 2159 6839 1995 2905
6149 4955 4039 0 2536 4111 2983 5756 2246 5068 5681 1580 1041 2546 5608 6061 1869 5829 3380 5303 2730 4560 3192 4396 2064
5301 4107 3191 2536 0 6255 2135 4908 1398 7212 7825 2568 3185 1698 7752 8205 4013 4981 5524 7447 4874 3712 5336 3548 1402
9868 8674 7758 4111 6255 0 6702 9475 5965 2831 3444 5299 4094 6265 3371 3824 3324 9548 2427 3066 2811 8279 2615 8115 5783
4492 3298 2382 2983 2135 6702 0 4099 865 7659 8272 3015 3632 889 8199 8652 4460 4172 5971 7894 5321 2903 5783 2739 1849
1627 1063 3355 5756 4908 9475 4099 0 3638 10432 11045 5788 6405 3544 10972 11425 7233 1307 8744 10667 8094 2170 8556 1844 4622
4031 2837 1921 2246 1398 5965 865 3638 0 6922 7535 2278 2895 428 7462 7915 3723 3711 5234 7157 4584 2442 5046 2278 1112
10825 9631 8715 5068 7212 2831 7659 10432 6922 0 2413 6256 5051 7222 2340 2793 4281 10505 3384 2035 3768 9236 3572 9072 6740
11438 10244 9328 5681 7825 3444 8272 11045 7535 2413 0 6869 5664 7835 1495 1220 4894 11118 3997 2336 4381 9849 4185 9685 7353
6181 4987 4071 1580 2568 5299 3015 5788 2278 6256 6869 0 2229 2578 6796 7249 3057 5861 4568 6491 3918 4592 4380 4428 2096
6798 5604 4688 1041 3185 4094 3632 6405 2895 5051 5664 2229 0 3195 5591 6044 1852 6478 3363 5286 2713 5209 3175 5045 2713
3937 2743 1827 2546 1698 6265 889 3544 428 7222 7835 2578 3195 0 7762 8215 4023 3617 5534 7457 4884 2348 5346 2184 1412
11365 10171 9255 5608 7752 3371 8199 10972 7462 2340 1495 6796 5591 7762 0 1875 4821 11045 3924 2263 4308 9776 4112 9612 7280
11818 10624 9708 6061 8205 3824 8652 11425 7915 2793 1220 7249 6044 8215 1875 0 5274 11498 4377 2716 4761 10229 4565 10065 7733
7626 6432 5516 1869 4013 3324 4460 7233 3723 4281 4894 3057 1852 4023 4821 5274 0 7306 2593 4516 1943 6037 2405 5873 3541
1314 1136 3428 5829 4981 9548 4172 1307 3711 10505 11118 5861 6478 3617 11045 11498 7306 0 8817 10740 8167 2243 8629 1917 4695
9137 7943 7027 3380 5524 2427 5971 8744 5234 3384 3997 4568 3363 5534 3924 4377 2593 8817 0 3619 2080 7548 1884 7384 5052
11060 9866 8950 5303 7447 3066 7894 10667 7157 2035 2336 6491 5286 7457 2263 2716 4516 10740 3619 0 4003 9471 3807 9307 6975
8487 7293 6377 2730 4874 2811 5321 8094 4584 3768 4381 3918 2713 4884 4308 4761 1943 8167 2080 4003 0 6898 1892 6734 4402
2563 1369 2159 4560 3712 8279 2903 2170 2442 9236 9849 4592 5209 2348 9776 10229 6037 2243 7548 9471 6898 0 7360 810 3426
8949 7755 6839 3192 5336 2615 5783 8556 5046 3572 4185 4380 3175 5346 4112 4565 2405 8629 1884 3807 1892 7360 0 7196 4864
2237 1043 1995 4396 3548 8115 2739 1844 2278 9072 9685 4428 5045 2184 9612 10065 5873 1917 7384 9307 6734 810 7196 0 3262
5015 3821 2905 2064 1402 5783 1849 4622 1112 6740 7353 2096 2713 1412 7280 7733 3541 4695 5052 6975 4402 3426 4864 3262 0
