28
11
0 8812 9626 1184 8120 11389 10023 8766 1604 14029 2844 3006 7018 6848 10910 6536 14065 1656 13030 4566 2294 11648 7409 12941 13815 5983 4487 3823
8812 0 2612 8768 1692 4375 3009 1752 9188 7015 7698 6518 2090 3540 3896 4194 7051 8156 6016 4460 8104 4634 1989 5927 6801 4589 5037 5671
9626 2612 0 9582 2506 2367 1001 1142 10002 5007 8512 7332 2904 4354 1888 5008 5043 8970 4008 5274 8918 2626 2803 3919 4793 5403 5851 6485
1184 8768 9582 0 8076 11345 9979 8722 1456 13985 2800 2962 6974 6804 10866 6492 14021 1612 12986 4522 2250 11604 7365 12897 13771 5939 4443 3779
8120 1692 2506 8076 0 4269 2903 1646 8496 6909 7006 5826 1398 2848 3790 3502 6945 7464 5910 3768 7412 4528 1297 5821 6695 3897 4345 4979
11389 4375 2367 11345 4269 0 2044 2905 11765 3038 10275 9095 4667 6117 2459 6771 3074 10733 2039 7037 10681 1553 4566 1950 2824 7166 7614 8248
10023 3009 1001 9979 2903 2044 0 1539 10399 4684 8909 7729 3301 4751 1565 5405 4720 9367 3685 5671 9315 2303 3200 3596 4470 5800 6248 6882
8766 1752 1142 8722 1646 2905 1539 0 9142 5545 7652 6472 2044 3494 2426 4148 5581 8110 4546 4414 8058 3164 1943 4457 5331 4543 4991 5625
1604 9188 10002 1456 8496 11765 10399 9142 0 14405 3220 3382 7394 7224 11286 6912 14441 2032 13406 4942 2670 12024 7785 13317 14191 6359 4863 4199
14029 7015 5007 13985 6909 3038 4684 5545 14405 0 12915 11735 7307 8757 5099 9411 1706 13373 2845 9677 13321 4193 7206 2250 390 9806 10254 10888
2844 7698 8512 2800 7006 10275 8909 7652 3220 12915 0 1892 5904 5734 9796 5422 12951 2188 11916 3452 2136 10534 6295 11827 12701 4869 3373 2709
3006 6518 7332 2962 5826 9095 7729 6472 3382 11735 1892 0 4724 4554 8616 4242 11771 2350 10736 2272 2298 9354 5115 10647 11521 3689 2193 1529
7018 2090 2904 6974 1398 4667 3301 2044 7394 7307 5904 4724 0 1746 4188 2400 7343 6362 6308 2666 6310 4926 687 6219 7093 2795 3243 3877
6848 3540 4354 6804 2848 6117 4751 3494 7224 8757 5734 4554 1746 0 5638 2230 8793 6192 7758 2496 6140 6376 2137 7669 8543 2625 3073 3707
10910 3896 1888 10866 3790 2459 1565 2426 11286 5099 9796 8616 4188 5638 0 6292 5135 10254 4100 6558 10202 2718 4087 4011 4885 6687 7135 7769
6536 4194 5008 6492 3502 6771 5405 4148 6912 9411 5422 4242 2400 2230 6292 0 9447 5880 8412 2184 5828 7030 2791 8323 9197 2313 2761 3395
14065 7051 5043 14021 6945 3074 4720 5581 14441 1706 12951 11771 7343 8793 5135 9447 0 13409 2881 9713 13357 4229 7242 2286 1492 9842 10290 10924
1656 8156 8970 1612 7464 10733 9367 8110 2032 13373 2188 2350 6362 6192 10254 5880 13409 0 12374 3910 1638 10992 6753 12285 13159 5327 3831 3167
13030 6016 4008 12986 5910 2039 3685 4546 13406 2845 11916 10736 6308 7758 4100 8412 2881 12374 0 8678 12322 3194 6207 1757 2631 8807 9255 9889
4566 4460 5274 4522 3768 7037 5671 4414 4942 9677 3452 2272 2666 2496 6558 2184 9713 3910 8678 0 3858 7296 3057 8589 9463 1631 791 1425
2294 8104 8918 2250 7412 10681 9315 8058 2670 13321 2136 2298 6310 6140 10202 5828 13357 1638 12322 3858 0 10940 6701 12233 13107 5275 3779 3115
11648 4634 2626 11604 4528 1553 2303 3164 12024 4193 10534 9354 4926 6376 2718 7030 4229 10992 3194 7296 10940 0 4825 3105 3979 7425 7873 8507
7409 1989 2803 7365 1297 4566 3200 1943 7785 7206 6295 5115 687 2137 4087 2791 7242 6753 6207 3057 6701 4825 0 6118 6992 3186 3634 4268
12941 5927 3919 12897 5821 1950 3596 4457 13317 2250 11827 10647 6219 7669 4011 8323 2286 12285 1757 8589 12233 3105 6118 0 2036 8718 9166 9800
13815 6801 4793 13771 6695 2824 4470 5331 14191 390 12701 11521 7093 8543 4885 9197 1492 13159 2631 9463 13107 3979 6992 2036 0 9592 10040 10674
5983 4589 5403 5939 3897 7166 5800 4543 6359 9806 4869 3689 2795 2625 6687 2313 9842 5327 8807 1631 5275 7425 3186 8718 9592 0 2208 2842
4487 5037 5851 4443 4345 7614 6248 4991 4863 10254 3373 2193 3243 3073 7135 2761 10290 3831 9255 791 3779 7873 3634 9166 10040 2208 0 1346
3823 5671 6485 3779 4979 8248 6882 5625 4199 10888 2709 1529 3877 3707 7769 3395 10924 3167 9889 1425 3115 8507 4268 9800 10674 2842 1346 0
