25
21
0 2190 5989 6981 4230 4794 3294 7508 1513 2596 4089 8411 2579 10351 8301 9054 3862 4645 8710 5947 4103 7165 9729 3051 4919
2190 0 5269 6261 4436 4074 3500 6788 1719 1876 3369 7691 2785 9631 7581 8334 3142 4851 7990 5227 4309 6445 9009 2331 4199
5989 5269 0 2398 8235 2771 7299 2925 5518 3991 3758 3828 6584 5768 3718 4471 3787 8650 4127 1364 8108 2582 5146 4912 2218
6981 6261 2398 0 9227 3763 8291 1297 6510 4983 4750 2200 7576 4140 2090 2843 4779 9642 2499 1184 9100 954 3518 5904 3210
4230 4436 8235 9227 0 7040 2452 9754 3349 4842 6335 10657 3463 12597 10547 11300 6108 915 10956 8193 1773 9411 11975 5297 7165
4794 4074 2771 3763 7040 0 6104 4290 4323 2796 2563 5193 5389 7133 5083 5836 2592 7455 5492 2729 6913 3947 6511 3717 1701
3294 3500 7299 8291 2452 6104 0 8818 2413 3906 5399 9721 2527 11661 9611 10364 5172 2867 10020 7257 2325 8475 11039 4361 6229
7508 6788 2925 1297 9754 4290 8818 0 7037 5510 5277 2363 8103 4303 2253 3006 5306 10169 2662 1711 9627 1353 3681 6431 3737
1513 1719 5518 6510 3349 4323 2413 7037 0 2125 3618 7940 1698 9880 7830 8583 3391 3764 8239 5476 3222 6694 9258 2580 4448
2596 1876 3991 4983 4842 2796 3906 5510 2125 0 2091 6413 3191 8353 6303 7056 1864 5257 6712 3949 4715 5167 7731 1519 2921
4089 3369 3758 4750 6335 2563 5399 5277 3618 2091 0 6180 4684 8120 6070 6823 1887 6750 6479 3716 6208 4934 7498 3012 2688
8411 7691 3828 2200 10657 5193 9721 2363 7940 6413 6180 0 9006 3840 1790 2543 6209 11072 2199 2614 10530 2256 3218 7334 4640
2579 2785 6584 7576 3463 5389 2527 8103 1698 3191 4684 9006 0 10946 8896 9649 4457 3878 9305 6542 3336 7760 10324 3646 5514
10351 9631 5768 4140 12597 7133 11661 4303 9880 8353 8120 3840 10946 0 3074 1485 8149 13012 2023 4554 12470 4196 940 9274 6580
8301 7581 3718 2090 10547 5083 9611 2253 7830 6303 6070 1790 8896 3074 0 1777 6099 10962 1433 2504 10420 2146 2452 7224 4530
9054 8334 4471 2843 11300 5836 10364 3006 8583 7056 6823 2543 9649 1485 1777 0 6852 11715 726 3257 11173 2899 863 7977 5283
3862 3142 3787 4779 6108 2592 5172 5306 3391 1864 1887 6209 4457 8149 6099 6852 0 6523 6508 3745 5981 4963 7527 2785 2717
4645 4851 8650 9642 915 7455 2867 10169 3764 5257 6750 11072 3878 13012 10962 11715 6523 0 11371 8608 2188 9826 12390 5712 7580
8710 7990 4127 2499 10956 5492 10020 2662 8239 6712 6479 2199 9305 2023 1433 726 6508 11371 0 2913 10829 2555 1401 7633 4939
5947 5227 1364 1184 8193 2729 7257 1711 5476 3949 3716 2614 6542 4554 2504 3257 3745 8608 2913 0 8066 1368 3932 4870 2176
4103 4309 8108 9100 1773 6913 2325 9627 3222 4715 6208 10530 3336 12470 10420 11173 5981 2188 10829 8066 0 9284 11848 5170 7038
7165 6445 2582 954 9411 3947 8475 1353 6694 5167 4934 2256 7760 4196 2146 2899 4963 9826 2555 1368 9284 0 3574 6088 3394
9729 9009 5146 3518 11975 6511 11039 3681 9258 7731 7498 3218 10324 940 2452 863 7527 12390 1401 3932 11848 3574 0 8652 5958
3051 2331 4912 5904 5297 3717 4361 6431 2580 1519 3012 7334 3646 9274 7224 7977 2785 5712 7633 4870 5170 6088 8652 0 3842
4919 4199 2218 3210 7165 1701 6229 3737 4448 2921 2688 4640 5514 6580 4530 5283 2717 7580 4939 2176 7038 3394 5958 3842 0
