32
0 1465 1617 1577 1532 1639 1688 1484 1255 1221 1727 1693 1791 1723 1705 1802 1656 1642 1762 1536 1483 1247 2010 1254 1886 1458 1387 1249 1848 1037 2019 1165 
1465 0 1585 1409 1385 2037 1066 1372 1890 1589 1735 1436 1974 1623 1528 1334 1480 1865 1821 1632 1619 1763 1237 1972 1701 1753 1428 1985 1672 1555 1910 1219 
1617 1585 0 1786 1781 1380 1708 1643 1700 1238 2001 1180 1931 1586 2002 1390 1933 1077 2021 1265 1258 1507 1273 1279 1601 1392 1981 1244 1842 1359 1072 1899 
1577 1409 1786 0 1808 1213 1758 1163 1943 1836 1697 1420 1134 1853 1814 1286 1911 1278 1812 1179 1280 1153 1322 1940 1287 1929 1269 1366 1271 1145 1038 1080 
1532 1385 1781 1808 0 1103 1714 1511 1281 1545 2006 1520 1473 1094 1417 2026 1658 1339 1806 1437 1820 1618 1720 1413 1259 1922 1301 1905 1506 1226 1953 1815 
1639 2037 1380 1213 1103 0 1584 1559 1891 1073 1524 1984 1105 1362 1761 1913 1594 1824 1867 1847 1547 1679 1539 1367 1645 1768 1402 1831 1565 1541 1663 1173 
1688 1066 1708 1758 1714 1584 0 1056 1574 1928 1914 1331 2022 1453 1894 1661 1205 1045 1737 1253 1893 1732 1298 2018 1741 1348 1371 1052 1256 1564 1702 1759 
1484 1372 1643 1163 1511 1559 1056 0 1552 1892 1973 1504 1951 1406 1131 1245 1744 1874 1680 2017 1887 2008 1121 1206 1351 1400 1338 1374 1267 1049 1991 1150 
1255 1890 1700 1943 1281 1891 1574 1552 0 1382 1978 1909 1050 1459 1514 1595 1216 1307 1098 1871 1214 1487 1706 1531 1304 1828 1640 1395 1274 1687 1521 1535 
1221 1589 1238 1836 1545 1073 1928 1892 1382 0 1752 1310 1156 1321 1403 1527 1275 1534 2035 1543 1881 1142 1703 1638 1411 1297 1250 1988 1660 1171 1755 1323 
1727 1735 2001 1697 2006 1524 1914 1973 1978 1752 0 1967 1110 1078 1405 1248 1902 1756 1475 1740 1684 1071 1620 2009 1599 1067 2034 1106 1556 1176 1357 1195 
1693 1436 1180 1420 1520 1984 1331 1504 1909 1310 1967 0 1525 1469 1306 1470 1204 1912 1767 1712 1546 1502 1429 1587 2032 1750 1202 1889 1455 1109 1834 1569 
1791 1974 1931 1134 1473 1105 2022 1951 1050 1156 1110 1525 0 1433 1320 1361 1630 1276 1845 1029 1467 1284 1444 1696 1876 1858 1561 1191 1262 1651 1218 1497 
1723 1623 1586 1853 1094 1362 1453 1406 1459 1321 1078 1469 1433 0 1785 1977 1324 1801 1364 1962 1734 2044 1081 1969 1612 1805 1662 1533 1804 1120 1074 1907 
1705 1528 2002 1814 1417 1761 1894 1131 1514 1403 1405 1306 1320 1785 0 1197 1277 1424 1603 1979 1394 1778 1840 1880 1100 1875 1460 1369 1144 1233 1924 1659 
1802 1334 1390 1286 2026 1913 1661 1245 1595 1527 1248 1470 1361 1977 1197 0 1319 2042 1300 1864 1728 1936 2014 1158 1916 1822 1343 1282 1625 1123 1554 1223 
1656 1480 1933 1911 1658 1594 1205 1744 1216 1275 1902 1204 1630 1324 1277 1319 0 1769 1063 2011 1908 1851 1399 1354 1350 1633 2043 1877 1157 1315 1966 1898 
1642 1865 1077 1278 1339 1824 1045 1874 1307 1534 1756 1912 1276 1801 1424 2042 1769 0 1426 1363 1089 1751 1819 1513 1903 1146 1964 1474 1596 1346 1379 1832 
1762 1821 2021 1812 1806 1867 1737 1680 1098 2035 1475 1767 1845 1364 1603 1300 1063 1426 0 1251 1270 1921 1126 1611 1529 1200 1026 1115 1509 1646 1690 1057 
1536 1632 1265 1179 1437 1847 1253 2017 1871 1543 1740 1712 1029 1962 1979 1864 2011 1363 1251 0 1252 1432 1629 1031 1716 1065 1309 1425 1383 1125 2041 1566 
1483 1619 1258 1280 1820 1547 1893 1887 1214 1881 1684 1546 1467 1734 1394 1728 1908 1089 1270 1252 0 1102 1386 1581 1190 2012 1308 1925 1540 2015 1208 1201 
1247 1763 1507 1153 1618 1679 1732 2008 1487 1142 1071 1502 1284 2044 1778 1936 1851 1751 1921 1432 1102 0 1239 1212 1862 1939 1681 1135 1870 1777 1766 1817 
2010 1237 1273 1322 1720 1539 1298 1121 1706 1703 1620 1429 1444 1081 1840 2014 1399 1819 1126 1629 1386 1239 0 1610 1486 1075 1099 1311 1288 1666 1227 1745 
1254 1972 1279 1940 1413 1367 2018 1206 1531 1638 2009 1587 1696 1969 1880 1158 1354 1513 1611 1031 1581 1212 1610 0 1825 1468 1445 1505 1051 1129 1036 1086 
1886 1701 1601 1287 1259 1645 1741 1351 1304 1411 1599 2032 1876 1612 1100 1916 1350 1903 1529 1716 1190 1862 1486 1825 0 1941 1548 1773 1328 1404 1203 1635 
1458 1753 1392 1929 1922 1768 1348 1400 1828 1297 1067 1750 1858 1805 1875 1822 1633 1146 1200 1065 2012 1939 1075 1468 1941 0 1046 1946 1803 1181 1034 1495 
1387 1428 1981 1269 1301 1402 1371 1338 1640 1250 2034 1202 1561 1662 1460 1343 2043 1964 1026 1309 1308 1681 1099 1445 1548 1046 0 1193 1143 1040 1047 1772 
1249 1985 1244 1366 1905 1831 1052 1374 1395 1988 1106 1889 1191 1533 1369 1282 1877 1474 1115 1425 1925 1135 1311 1505 1773 1946 1193 0 1500 1058 1151 1709 
1848 1672 1842 1271 1506 1565 1256 1267 1274 1660 1556 1455 1262 1804 1144 1625 1157 1596 1509 1383 1540 1870 1288 1051 1328 1803 1143 1500 0 1210 1537 1774 
1037 1555 1359 1145 1226 1541 1564 1049 1687 1171 1176 1109 1651 1120 1233 1123 1315 1346 1646 1125 2015 1777 1666 1129 1404 1181 1040 1058 1210 0 1471 1466 
2019 1910 1072 1038 1953 1663 1702 1991 1521 1755 1357 1834 1218 1074 1924 1554 1966 1379 1690 2041 1208 1766 1227 1036 1203 1034 1047 1151 1537 1471 0 1440 
1165 1219 1899 1080 1815 1173 1759 1150 1535 1323 1195 1569 1497 1907 1659 1223 1898 1832 1057 1566 1201 1817 1745 1086 1635 1495 1772 1709 1774 1466 1440 0 
